#############################################
Program output
#############################################
Original data:

Afghanistan  59.61  23.21  74.30  4.44  0.40   1.5171  
Haiti        45.00  47.67  73.10  0.09  3.40   1.7999  
Nigeria      51.30  38.23  82.60  1.07  4.10   2.4493  
Egypt        70.48  26.58  19.60  1.86  5.30   2.8622  
Argentina    75.77  32.30  13.30  0.76  10.10  2.9961  
China        74.87  29.98  13.70  1.95  6.40   3.6356  
Brazil       73.12  42.93  14.50  1.43  7.20   3.7741  
Israel       81.30  28.80  3.60   6.77  12.50  5.8069  
U.S.A        78.51  29.85  6.30   4.72  13.70  7.1357  
Ireland      80.15  27.23  3.50   0.60  11.50  7.5360  
U.K.         80.09  28.49  4.40   2.59  13.00  7.7751  
Germany      80.24  22.07  3.50   1.31  12.00  8.0461  
Canada       80.99  24.79  4.90   1.42  14.20  8.6725  
Australia    82.09  25.40  4.20   1.86  11.50  8.8442  
Sweden       81.43  22.18  2.40   1.27  12.80  9.2985  
NewZealand   80.67  27.81  4.90   1.13  12.30  9.4627  

Country      Euclid     CPI
Argentina    9.7575     2.9961
China        10.7275    3.6356
U.S.A        11.7044    7.1357
Egypt        13.7168    2.8622
U.K.         14.0956    7.7751
Brazil       14.6801    3.7741
NewZealand   14.8040    9.4627
Ireland      15.2219    7.5360
Israel       15.6514    5.8069
Canada       16.1224    8.6725
Australia    16.9841    8.8442
Germany      17.3560    8.0461
Sweden       18.5875    9.2985
Afghanistan  66.5354    1.5171
Haiti        69.6670    1.7999
Nigeria      75.2681    2.4493
CPI for 3-NN: 4.5891

Country      Euclid     CPI    Weight  W*CPI
Argentina    9.7575     2.9961 0.0105 0.0315
China        10.7275    3.6356 0.0087 0.0316
U.S.A        11.7044    7.1357 0.0073 0.0521
Egypt        13.7168    2.8622 0.0053 0.0152
U.K.         14.0956    7.7751 0.0050 0.0391
Brazil       14.6801    3.7741 0.0046 0.0175
NewZealand   14.8040    9.4627 0.0046 0.0432
Ireland      15.2219    7.5360 0.0043 0.0325
Israel       15.6514    5.8069 0.0041 0.0237
Canada       16.1224    8.6725 0.0038 0.0334
Australia    16.9841    8.8442 0.0035 0.0307
Germany      17.3560    8.0461 0.0033 0.0267
Sweden       18.5875    9.2985 0.0029 0.0269
Afghanistan  66.5354    1.5171 0.0002 0.0003
Haiti        69.6670    1.7999 0.0002 0.0004
Nigeria      75.2681    2.4493 0.0002 0.0004
CPI for weighted 16-NN: 5.9087

Normalized data:

Afghanistan  0.3939     0.0445     0.8965     0.6512     0.0000     1.5171    
Haiti        0.0000     1.0000     0.8815     0.0000     0.2174     1.7999    
Nigeria      0.1699     0.6312     1.0000     0.1467     0.2681     2.4493    
Egypt        0.6870     0.1762     0.2145     0.2650     0.3551     2.8622    
Argentina    0.8296     0.3996     0.1359     0.1003     0.7029     2.9961    
China        0.8053     0.3090     0.1409     0.2784     0.4348     3.6356    
Brazil       0.7582     0.8148     0.1509     0.2006     0.4928     3.7741    
Israel       0.9787     0.2629     0.0150     1.0000     0.8768     5.8069    
U.S.A        0.9035     0.3039     0.0486     0.6931     0.9638     7.1357    
Ireland      0.9477     0.2016     0.0137     0.0763     0.8043     7.5360    
U.K.         0.9461     0.2508     0.0249     0.3743     0.9130     7.7751    
Germany      0.9501     0.0000     0.0137     0.1826     0.8406     8.0461    
Canada       0.9703     0.1062     0.0312     0.1991     1.0000     8.6725    
Australia    1.0000     0.1301     0.0224     0.2650     0.8043     8.8442    
Sweden       0.9822     0.0043     0.0000     0.1766     0.8986     9.2985    
NewZealand   0.9617     0.2242     0.0312     0.1557     0.8623     9.4627    

Country      Euclid     CPI
Afghanistan  1.2754     1.5171
Haiti        1.4749     1.7999
Nigeria      1.2887     2.4493
Egypt        0.6736     2.8622
Argentina    0.5554     2.9961
China        0.5909     3.6356
Brazil       0.7227     3.7741
Israel       0.5868     5.8069
U.S.A        0.3362     7.1357
Ireland      0.6331     7.5360
U.K.         0.4126     7.7751
Germany      0.6437     8.0461
Canada       0.5915     8.6725
Australia    0.5643     8.8442
Sweden       0.6610     9.2985
NewZealand   0.5664     9.4627
After normalization: CPI for 3-NN: 5.9690

Country      Euclid     CPI     Weight  W*CPI
Afghanistan  1.2754     1.5171 0.6148 0.9327
Haiti        1.4749     1.7999 0.4597 0.8275
Nigeria      1.2887     2.4493 0.6021 1.4747
Egypt        0.6736     2.8622 2.2036 6.3072
Argentina    0.5554     2.9961 3.2416 9.7123
China        0.5909     3.6356 2.8636 10.4108
Brazil       0.7227     3.7741 1.9147 7.2262
Israel       0.5868     5.8069 2.9038 16.8623
U.S.A        0.3362     7.1357 8.8498 63.1492
Ireland      0.6331     7.5360 2.4948 18.8008
U.K.         0.4126     7.7751 5.8751 45.6797
Germany      0.6437     8.0461 2.4132 19.4172
Canada       0.5915     8.6725 2.8587 24.7917
Australia    0.5643     8.8442 3.1403 27.7733
Sweden       0.6610     9.2985 2.2890 21.2843
NewZealand   0.5664     9.4627 3.1169 29.4944
After normalization: CPI for weighted 16-NN: 6.6347

